input 1:
5 3 0 0 7 0 0 0 0
6 0 0 1 9 5 0 0 0
0 9 8 0 0 0 0 6 0
8 0 0 0 6 0 0 0 3
4 0 0 8 0 3 0 0 1
7 0 0 0 2 0 0 0 6
0 6 0 0 0 0 2 8 0
0 0 0 4 1 9 0 0 5
0 0 0 0 8 0 0 7 9


input 2:

0 9 0 0 0 0 0 6 0
0 0 0 6 0 1 0 0 0
0 0 0 0 7 0 8 0 0
0 0 7 0 0 0 0 0 0
0 0 0 5 0 8 0 0 0
0 0 0 0 0 0 7 0 0
0 0 2 0 8 0 0 0 0
0 0 0 7 0 6 0 0 0
0 1 0 0 0 0 0 4 0


input 3:

9 0 0 0 0 8 0 0 3
0 0 1 0 2 0 5 0 0
0 0 0 0 0 0 0 0 0
0 2 0 0 0 0 0 6 0
0 0 0 0 0 0 0 0 0
0 5 0 0 0 0 0 9 0
0 0 0 0 0 0 0 0 0
0 0 4 0 3 0 9 0 0
6 0 0 2 0 0 0 0 5


input 4:

0 6 0 0 0 0 4 0 0
0 0 8 0 0 3 6 0 0
0 0 0 0 9 0 0 0 0
0 9 0 0 0 0 0 6 0
1 0 0 0 0 0 0 0 8
0 2 0 0 0 0 0 1 0
0 0 0 0 8 0 0 0 0
0 0 9 2 0 0 5 0 0
0 0 3 0 0 0 0 9 0

input 5;

0 0 0 0 0 0 0 0 0
0 0 0 0 0 3 0 8 5
0 0 1 0 2 0 0 0 0
0 0 0 5 0 7 0 0 0
0 0 4 0 0 0 1 0 0
0 9 6 0 0 0 0 0 0
5 0 0 0 0 0 0 7 3
0 0 2 0 1 0 0 0 0
0 0 0 0 4 0 0 0 9


input 6:

0 0 0 0 0 0 0 0 0
6 8 0 0 0 0 0 0 3
0 0 3 0 0 0 0 0 0
0 7 0 0 1 0 0 0 6
0 0 0 0 8 0 4 0 0
0 0 0 0 0 0 0 0 0
0 0 0 0 0 3 0 0 0
0 0 0 0 0 0 0 0 0
0 0 0 0 0 0 0 0 0


input 7:

0 0 0 0 0 0 0 0 0
0 0 2 6 0 0 7 0 0
0 0 0 0 0 0 0 0 0
0 0 0 0 0 0 8 0 0
0 0 8 0 0 6 0 0 0
0 0 0 0 0 0 0 0 0
0 0 0 0 0 0 0 0 0
0 0 0 0 0 0 0 0 0
0 0 0 0 0 0 0 0 0


input 8:

0 0 0 0 0 0 0 0 0
0 0 0 0 0 0 0 0 0
0 0 0 0 0 0 0 0 0
0 0 0 0 0 0 0 0 0
0 0 0 0 0 0 0 0 0
0 0 0 0 0 0 0 0 0
0 0 0 0 0 0 0 0 0
0 0 0 0 0 0 0 0 0
0 0 0 0 0 0 0 0 0


input 9:

8 0 0 0 0 0 0 0 0
0 0 3 6 0 0 0 0 0
0 0 0 0 0 0 0 0 0
0 0 0 0 0 0 0 0 0
0 0 0 0 0 0 0 0 0
0 0 0 0 0 0 0 0 0
0 0 0 0 0 0 0 0 0
0 0 0 0 0 0 0 0 0
0 0 0 0 0 0 0 0 0


input 10:

1 0 0 0 0 0 0 0 0
0 0 0 0 0 0 0 0 0
0 0 0 0 0 0 0 0 0
0 0 0 0 0 0 0 0 0
0 0 0 0 0 0 0 0 0
0 0 0 0 0 0 0 0 0
0 0 0 0 0 0 0 0 0
0 0 0 0 0 0 0 0 0
0 0 0 0 0 0 0 0 0
